version https://git-lfs.github.com/spec/v1
oid sha256:2a12952cdeb66c0aab2f3883688a72a767b6e64bfeae7cf981b9e7ad2e3630a8
size 140940
